V_null CAI_null ICA_null IK_null V_preferrec CAI_preferred ICA_preferred IK_preferred
-65 0.0001 -4.53267e-05 0 -65 0.0001 -4.53267e-05 0
-62.2287 0.000498515 -7.0785e-05 0 -62.2287 0.000498515 -7.0785e-05 0
-60.9576 0.00122336 -9.79291e-05 0 -60.9576 0.00122336 -9.79291e-05 0
-60.3705 0.00206692 -0.000113576 0 -60.3705 0.00206692 -0.000113576 0
-60.099 0.00292663 -0.000120728 0 -60.099 0.00292663 -0.000120728 0
-59.9738 0.00374427 -0.000123271 0 -59.9738 0.00374427 -0.000123271 0
-59.9166 0.00449539 -0.000123671 0 -59.9166 0.00449539 -0.000123671 0
-59.8908 0.00517381 -0.000123193 0 -59.8908 0.00517381 -0.000123193 0
-59.8796 0.00578172 -0.000122421 0 -59.8796 0.00578172 -0.000122421 0
-59.8749 0.00632454 -0.000121607 0 -59.8749 0.00632454 -0.000121607 0
-59.8733 0.00680861 -0.000120846 0 -59.8733 0.00680861 -0.000120846 0
-59.8729 0.00724018 -0.000120168 0 -59.8729 0.00724018 -0.000120168 0
-59.8732 0.00762501 -0.000119577 0 -59.8732 0.00762501 -0.000119577 0
-59.8736 0.0079683 -0.000119065 0 -59.8736 0.0079683 -0.000119065 0
-59.874 0.00827466 -0.000118623 0 -59.874 0.00827466 -0.000118623 0
-59.8745 0.00854818 -0.00011824 0 -59.8745 0.00854818 -0.00011824 0
-59.8749 0.00879248 -0.000117907 0 -59.8749 0.00879248 -0.000117907 0
-59.8752 0.00901074 -0.000117617 0 -59.8752 0.00901074 -0.000117617 0
-59.8755 0.0092058 -0.000117363 0 -59.8755 0.0092058 -0.000117363 0
-59.8758 0.00938018 -0.000117141 0 -59.8758 0.00938018 -0.000117141 0
-59.876 0.0095361 -0.000116947 0 -59.876 0.0095361 -0.000116947 0
-59.8763 0.00967554 -0.000116775 0 -59.8763 0.00967554 -0.000116775 0
-59.8765 0.00980027 -0.000116624 0 -59.8765 0.00980027 -0.000116624 0
-59.8766 0.00991185 -0.00011649 0 -59.8766 0.00991185 -0.00011649 0
-59.8768 0.0100117 -0.000116371 0 -59.8768 0.0100117 -0.000116371 0
-59.8769 0.010101 -0.000116266 0 -59.8769 0.010101 -0.000116266 0
-59.877 0.010181 -0.000116173 0 -59.877 0.010181 -0.000116173 0
-59.8771 0.0102525 -0.000116091 0 -59.8771 0.0102525 -0.000116091 0
-59.8772 0.0103166 -0.000116017 0 -59.8772 0.0103166 -0.000116017 0
-59.8773 0.0103739 -0.000115952 0 -59.8773 0.0103739 -0.000115952 0
-59.8774 0.0104252 -0.000115894 0 -59.8774 0.0104252 -0.000115894 0
-59.8774 0.0104711 -0.000115842 0 -59.8774 0.0104711 -0.000115842 0
-59.8775 0.0105123 -0.000115795 0 -59.8775 0.0105123 -0.000115795 0
-59.8775 0.0105491 -0.000115754 0 -59.8775 0.0105491 -0.000115754 0
-59.8776 0.0105821 -0.000115717 0 -59.8776 0.0105821 -0.000115717 0
-59.8776 0.0106116 -0.000115684 0 -59.8776 0.0106116 -0.000115684 0
-59.8776 0.010638 -0.000115655 0 -59.8776 0.010638 -0.000115655 0
-59.8777 0.0106617 -0.000115629 0 -59.8777 0.0106617 -0.000115629 0
-59.8777 0.0106829 -0.000115605 0 -59.8777 0.0106829 -0.000115605 0
-59.8777 0.0107019 -0.000115585 0 -59.8777 0.0107019 -0.000115585 0
-59.8778 0.0107188 -0.000115566 0 -59.8778 0.0107188 -0.000115566 0
-59.8778 0.0107341 -0.000115549 0 -59.8778 0.0107341 -0.000115549 0
-59.8778 0.0107477 -0.000115534 0 -59.8778 0.0107477 -0.000115534 0
-59.8778 0.0107599 -0.000115521 0 -59.8778 0.0107599 -0.000115521 0
-59.8778 0.0107708 -0.000115509 0 -59.8778 0.0107708 -0.000115509 0
-59.8778 0.0107806 -0.000115498 0 -59.8778 0.0107806 -0.000115498 0
-59.8778 0.0107894 -0.000115488 0 -59.8778 0.0107894 -0.000115488 0
-59.8779 0.0107972 -0.00011548 0 -59.8779 0.0107972 -0.00011548 0
-59.8779 0.0108042 -0.000115472 0 -59.8779 0.0108042 -0.000115472 0
-59.8779 0.0108105 -0.000115465 0 -59.8779 0.0108105 -0.000115465 0
-59.8779 0.0108162 -0.000115459 0 -59.8779 0.0108162 -0.000115459 0
-59.8779 0.0108212 -0.000115454 0 -59.8779 0.0108212 -0.000115454 0
-59.8779 0.0108258 -0.000115449 0 -59.8779 0.0108258 -0.000115449 0
-59.8779 0.0108298 -0.000115444 0 -59.8779 0.0108298 -0.000115444 0
-59.8779 0.0108334 -0.00011544 0 -59.8779 0.0108334 -0.00011544 0
-59.8779 0.0108367 -0.000115437 0 -59.8779 0.0108367 -0.000115437 0
-59.8779 0.0108396 -0.000115434 0 -59.8779 0.0108396 -0.000115434 0
-59.8779 0.0108422 -0.000115431 0 -59.8779 0.0108422 -0.000115431 0
-59.8779 0.0108445 -0.000115428 0 -59.8779 0.0108445 -0.000115428 0
-59.8779 0.0108466 -0.000115426 0 -59.8779 0.0108466 -0.000115426 0
-59.8779 0.0108485 -0.000115424 0 -59.8779 0.0108485 -0.000115424 0
-59.8779 0.0108502 -0.000115422 0 -59.8779 0.0108502 -0.000115422 0
-59.8779 0.0108517 -0.000115421 0 -59.8779 0.0108517 -0.000115421 0
-59.8779 0.010853 -0.000115419 0 -59.8779 0.010853 -0.000115419 0
-59.8779 0.0108542 -0.000115418 0 -59.8779 0.0108542 -0.000115418 0
-59.8779 0.0108553 -0.000115417 0 -59.8779 0.0108553 -0.000115417 0
-59.8779 0.0108563 -0.000115416 0 -59.8779 0.0108563 -0.000115416 0
-59.8779 0.0108571 -0.000115415 0 -59.8779 0.0108571 -0.000115415 0
-59.8779 0.0108579 -0.000115414 0 -59.8779 0.0108579 -0.000115414 0
-59.8779 0.0108586 -0.000115413 0 -59.8779 0.0108586 -0.000115413 0
-59.8779 0.0108592 -0.000115412 0 -59.8779 0.0108592 -0.000115412 0
-59.8779 0.0108598 -0.000115412 0 -59.8779 0.0108598 -0.000115412 0
-59.8779 0.0108603 -0.000115411 0 -59.8779 0.0108603 -0.000115411 0
-59.8779 0.0108607 -0.000115411 0 -59.8779 0.0108607 -0.000115411 0
-59.8779 0.0108611 -0.00011541 0 -59.8779 0.0108611 -0.00011541 0
-59.8779 0.0108615 -0.00011541 0 -59.8779 0.0108615 -0.00011541 0
-59.8779 0.0108618 -0.00011541 0 -59.8779 0.0108618 -0.00011541 0
-59.8779 0.0108621 -0.000115409 0 -59.8779 0.0108621 -0.000115409 0
-59.8779 0.0108623 -0.000115409 0 -59.8779 0.0108623 -0.000115409 0
-59.8779 0.0108626 -0.000115409 0 -59.8779 0.0108626 -0.000115409 0
-59.8779 0.0108628 -0.000115409 0 -59.8779 0.0108628 -0.000115409 0
-59.8779 0.010863 -0.000115408 0 -59.8779 0.010863 -0.000115408 0
-59.8779 0.0108631 -0.000115408 0 -59.8779 0.0108631 -0.000115408 0
-59.8779 0.0108633 -0.000115408 0 -59.8779 0.0108633 -0.000115408 0
-59.8779 0.0108634 -0.000115408 0 -59.8779 0.0108634 -0.000115408 0
-59.8779 0.0108635 -0.000115408 0 -59.8779 0.0108635 -0.000115408 0
-59.8779 0.0108636 -0.000115408 0 -59.8779 0.0108636 -0.000115408 0
-59.8779 0.0108637 -0.000115407 0 -59.8779 0.0108637 -0.000115407 0
-59.8779 0.0108638 -0.000115407 0 -59.8779 0.0108638 -0.000115407 0
-59.8779 0.0108639 -0.000115407 0 -59.8779 0.0108639 -0.000115407 0
-59.8779 0.010864 -0.000115407 0 -59.8779 0.010864 -0.000115407 0
-59.8779 0.010864 -0.000115407 0 -59.8779 0.010864 -0.000115407 0
-59.8779 0.0108641 -0.000115407 0 -59.8779 0.0108641 -0.000115407 0
-59.8779 0.0108641 -0.000115407 0 -59.8779 0.0108641 -0.000115407 0
-59.8779 0.0108642 -0.000115407 0 -59.8779 0.0108642 -0.000115407 0
-59.8779 0.0108642 -0.000115407 0 -59.8779 0.0108642 -0.000115407 0
-59.8779 0.0108642 -0.000115407 0 -59.8779 0.0108642 -0.000115407 0
-59.8779 0.0108643 -0.000115407 0 -59.8779 0.0108643 -0.000115407 0
-59.8779 0.0108643 -0.000115407 0 -59.8779 0.0108643 -0.000115407 0
-59.8779 0.0108643 -0.000115407 0 -59.8779 0.0108643 -0.000115407 0
-59.8779 0.0108643 -0.000115407 0 -59.8779 0.0108643 -0.000115407 0
-59.8779 0.0108644 -0.000115407 0 -59.8779 0.0108644 -0.000115407 0
-59.8779 0.0108644 -0.000115407 0 -59.8779 0.0108644 -0.000115407 0
-59.8779 0.0108644 -0.000115407 0 -59.8779 0.0108644 -0.000115407 0
-59.8779 0.0108644 -0.000115407 0 -59.8779 0.0108644 -0.000115407 0
-59.8779 0.0108644 -0.000115407 0 -59.8779 0.0108644 -0.000115407 0
-59.8779 0.0108644 -0.000115407 0 -59.8779 0.0108644 -0.000115407 0
-59.8779 0.0108644 -0.000115407 0 -59.8779 0.0108644 -0.000115407 0
-59.8779 0.0108645 -0.000115407 0 -59.8779 0.0108645 -0.000115407 0
-59.8779 0.0108645 -0.000115407 0 -59.8779 0.0108645 -0.000115407 0
-59.8779 0.0108645 -0.000115407 0 -59.8779 0.0108645 -0.000115407 0
-59.8779 0.0108645 -0.000115407 0 -59.8779 0.0108645 -0.000115407 0
-59.8779 0.0108645 -0.000115407 0 -59.8779 0.0108645 -0.000115407 0
-59.8779 0.0108645 -0.000115407 0 -59.8779 0.0108645 -0.000115407 0
-59.8779 0.0108645 -0.000115407 0 -59.8779 0.0108645 -0.000115407 0
-59.8779 0.0108645 -0.000115407 0 -59.8779 0.0108645 -0.000115407 0
-59.8779 0.0108645 -0.000115407 0 -59.8779 0.0108645 -0.000115407 0
-59.8779 0.0108645 -0.000115407 0 -59.8779 0.0108645 -0.000115407 0
-59.8779 0.0108645 -0.000115407 0 -59.8779 0.0108645 -0.000115407 0
-59.8779 0.0108645 -0.000115407 0 -59.8779 0.0108645 -0.000115407 0
-59.8779 0.0108645 -0.000115407 0 -59.8779 0.0108645 -0.000115407 0
-59.8779 0.0108645 -0.000115407 0 -59.8779 0.0108645 -0.000115407 0
-59.8779 0.0108645 -0.000115407 0 -59.8779 0.0108645 -0.000115407 0
-59.8779 0.0108645 -0.000115407 0 -59.8779 0.0108645 -0.000115407 0
-59.8779 0.0108645 -0.000115407 0 -59.8779 0.0108645 -0.000115407 0
-59.8779 0.0108645 -0.000115407 0 -59.8779 0.0108645 -0.000115407 0
-59.8779 0.0108645 -0.000115407 0 -59.8779 0.0108645 -0.000115407 0
-59.8779 0.0108645 -0.000115407 0 -59.8779 0.0108645 -0.000115407 0
-59.8779 0.0108645 -0.000115407 0 -59.8779 0.0108645 -0.000115407 0
-59.8779 0.0108645 -0.000115407 0 -59.8779 0.0108645 -0.000115407 0
-59.8779 0.0108645 -0.000115407 0 -59.8779 0.0108645 -0.000115407 0
-59.8779 0.0108645 -0.000115407 0 -59.8779 0.0108645 -0.000115407 0
-59.8779 0.0108645 -0.000115407 0 -59.8779 0.0108645 -0.000115407 0
-59.8779 0.0108645 -0.000115407 0 -59.8779 0.0108645 -0.000115407 0
-59.8779 0.0108645 -0.000115407 0 -59.8779 0.0108645 -0.000115407 0
-59.8779 0.0108645 -0.000115407 0 -59.8779 0.0108645 -0.000115407 0
-59.8779 0.0108645 -0.000115407 0 -59.8779 0.0108645 -0.000115407 0
-59.8779 0.0108645 -0.000115407 0 -59.8779 0.0108645 -0.000115407 0
-59.8779 0.0108645 -0.000115407 0 -59.8779 0.0108645 -0.000115407 0
-59.8779 0.0108645 -0.000115407 0 -59.8779 0.0108645 -0.000115407 0
-59.8779 0.0108645 -0.000115407 0 -59.8779 0.0108645 -0.000115407 0
-59.8779 0.0108645 -0.000115407 0 -59.8779 0.0108645 -0.000115407 0
-59.8779 0.0108645 -0.000115407 0 -59.8779 0.0108645 -0.000115407 0
-59.8779 0.0108645 -0.000115407 0 -59.8779 0.0108645 -0.000115407 0
-59.8779 0.0108645 -0.000115407 0 -59.8779 0.0108645 -0.000115407 0
-59.8779 0.0108645 -0.000115407 0 -59.8779 0.0108645 -0.000115407 0
-59.8779 0.0108645 -0.000115407 0 -59.8779 0.0108645 -0.000115407 0
-59.8779 0.0108645 -0.000115407 0 -59.8779 0.0108645 -0.000115407 0
-59.8779 0.0108645 -0.000115407 0 -59.8779 0.0108645 -0.000115407 0
-59.8779 0.0108645 -0.000115407 0 -59.8779 0.0108645 -0.000115407 0
-59.8779 0.0108645 -0.000115407 0 -59.8779 0.0108645 -0.000115407 0
-59.8779 0.0108645 -0.000115407 0 -59.8779 0.0108645 -0.000115407 0
-59.8779 0.0108645 -0.000115407 0 -59.8779 0.0108645 -0.000115407 0
-59.8779 0.0108645 -0.000115407 0 -59.8779 0.0108645 -0.000115407 0
-59.8779 0.0108645 -0.000115407 0 -59.8779 0.0108645 -0.000115407 0
-59.8779 0.0108645 -0.000115407 0 -59.8779 0.0108645 -0.000115407 0
-59.8779 0.0108645 -0.000115407 0 -59.8779 0.0108645 -0.000115407 0
-59.8779 0.0108645 -0.000115407 0 -59.8779 0.0108645 -0.000115407 0
-59.8779 0.0108645 -0.000115407 0 -59.8779 0.0108645 -0.000115407 0
-59.8779 0.0108645 -0.000115407 0 -59.8779 0.0108645 -0.000115407 0
-59.8779 0.0108645 -0.000115407 0 -59.8779 0.0108645 -0.000115407 0
-59.8779 0.0108645 -0.000115407 0 -59.8779 0.0108645 -0.000115407 0
-59.8779 0.0108645 -0.000115407 0 -59.8779 0.0108645 -0.000115407 0
-59.8779 0.0108645 -0.000115407 0 -59.8779 0.0108645 -0.000115407 0
-59.8779 0.0108645 -0.000115407 0 -59.8779 0.0108645 -0.000115407 0
-59.8779 0.0108645 -0.000115407 0 -59.8779 0.0108645 -0.000115407 0
-59.8779 0.0108645 -0.000115407 0 -59.8779 0.0108645 -0.000115407 0
-59.8779 0.0108645 -0.000115407 0 -59.8779 0.0108645 -0.000115407 0
-59.8779 0.0108645 -0.000115407 0 -59.8779 0.0108645 -0.000115407 0
-59.8779 0.0108645 -0.000115407 0 -59.8779 0.0108645 -0.000115407 0
-59.8779 0.0108645 -0.000115407 0 -59.8779 0.0108645 -0.000115407 0
-59.8779 0.0108645 -0.000115407 0 -59.8779 0.0108645 -0.000115407 0
-59.8779 0.0108645 -0.000115407 0 -59.8779 0.0108645 -0.000115407 0
-59.8779 0.0108645 -0.000115407 0 -59.8779 0.0108645 -0.000115407 0
-59.8779 0.0108645 -0.000115407 0 -59.8779 0.0108645 -0.000115407 0
-59.8779 0.0108645 -0.000115407 0 -59.8779 0.0108645 -0.000115407 0
-59.8779 0.0108645 -0.000115407 0 -59.8779 0.0108645 -0.000115407 0
-59.8779 0.0108645 -0.000115407 0 -59.8779 0.0108645 -0.000115407 0
-59.8779 0.0108645 -0.000115407 0 -59.8779 0.0108645 -0.000115407 0
-59.8779 0.0108645 -0.000115407 0 -59.8779 0.0108645 -0.000115407 0
-59.8779 0.0108645 -0.000115407 0 -59.8779 0.0108645 -0.000115407 0
-59.8779 0.0108645 -0.000115407 0 -59.8779 0.0108645 -0.000115407 0
-59.8779 0.0108645 -0.000115407 0 -59.8779 0.0108645 -0.000115407 0
-59.8779 0.0108645 -0.000115407 0 -59.8779 0.0108645 -0.000115407 0
-59.8779 0.0108645 -0.000115407 0 -59.8779 0.0108645 -0.000115407 0
-59.8779 0.0108645 -0.000115407 0 -59.8779 0.0108645 -0.000115407 0
-59.8779 0.0108645 -0.000115407 0 -59.8779 0.0108645 -0.000115407 0
-59.8779 0.0108645 -0.000115407 0 -59.8779 0.0108645 -0.000115407 0
-59.8779 0.0108645 -0.000115407 0 -59.8779 0.0108645 -0.000115407 0
-59.8779 0.0108645 -0.000115407 0 -59.8779 0.0108645 -0.000115407 0
-59.8779 0.0108645 -0.000115407 0 -59.8779 0.0108645 -0.000115407 0
-59.8779 0.0108645 -0.000115407 0 -59.8779 0.0108645 -0.000115407 0
-59.8779 0.0108645 -0.000115407 0 -59.8779 0.0108645 -0.000115407 0
-59.8779 0.0108645 -0.000115407 0 -59.8779 0.0108645 -0.000115407 0
-59.8779 0.0108645 -0.000115407 0 -59.8779 0.0108645 -0.000115407 0
-59.8779 0.0108645 -0.000115407 0 -59.8779 0.0108645 -0.000115407 0
-59.8779 0.0108645 -0.000115407 0 -59.8779 0.0108645 -0.000115407 0
-59.8779 0.0108645 -0.000115407 0 -59.8779 0.0108645 -0.000115407 0
-59.8779 0.0108645 -0.000115407 0 -59.8779 0.0108645 -0.000115407 0
-59.8779 0.0108645 -0.000115407 0 -59.8779 0.0108645 -0.000115407 0
-59.8779 0.0108645 -0.000115407 0 -59.8779 0.0108645 -0.000115407 0
-59.8779 0.0108645 -0.000115407 0 -59.8779 0.0108645 -0.000115407 0
-59.8779 0.0108645 -0.000115407 0 -59.8779 0.0108645 -0.000115407 0
-59.8779 0.0108645 -0.000115407 0 -59.8779 0.0108645 -0.000115407 0
-59.8779 0.0108645 -0.000115407 0 -59.8779 0.0108645 -0.000115407 0
-59.8779 0.0108645 -0.000115407 0 -59.8779 0.0108645 -0.000115407 0
-59.8779 0.0108645 -0.000115407 0 -59.8779 0.0108645 -0.000115407 0
-59.8779 0.0108645 -0.000115407 0 -59.8779 0.0108645 -0.000115407 0
-59.8779 0.0108645 -0.000115407 0 -59.8779 0.0108645 -0.000115407 0
-59.8779 0.0108645 -0.000115407 0 -59.8779 0.0108645 -0.000115407 0
-59.8779 0.0108645 -0.000115407 0 -59.8779 0.0108645 -0.000115407 0
-59.8779 0.0108645 -0.000115407 0 -59.8779 0.0108645 -0.000115407 0
-59.8779 0.0108645 -0.000115407 0 -59.8779 0.0108645 -0.000115407 0
-59.8779 0.0108645 -0.000115407 0 -59.8779 0.0108645 -0.000115407 0
-59.8779 0.0108645 -0.000115407 0 -59.8779 0.0108645 -0.000115407 0
-59.8779 0.0108645 -0.000115407 0 -59.8779 0.0108645 -0.000115407 0
-59.8779 0.0108645 -0.000115407 0 -59.8779 0.0108645 -0.000115407 0
-59.8779 0.0108645 -0.000115407 0 -59.8779 0.0108645 -0.000115407 0
-59.8779 0.0108645 -0.000115407 0 -59.8779 0.0108645 -0.000115407 0
-59.8779 0.0108645 -0.000115407 0 -59.8779 0.0108645 -0.000115407 0
-59.8779 0.0108645 -0.000115407 0 -59.8779 0.0108645 -0.000115407 0
-59.8779 0.0108645 -0.000115407 0 -59.8779 0.0108645 -0.000115407 0
-59.8779 0.0108645 -0.000115407 0 -59.8779 0.0108645 -0.000115407 0
-59.8779 0.0108645 -0.000115407 0 -59.8779 0.0108645 -0.000115407 0
-59.8779 0.0108645 -0.000115407 0 -59.8779 0.0108645 -0.000115407 0
-59.8779 0.0108645 -0.000115407 0 -59.8779 0.0108645 -0.000115407 0
-59.8779 0.0108645 -0.000115407 0 -59.8779 0.0108645 -0.000115407 0
-59.8779 0.0108645 -0.000115407 0 -59.8779 0.0108645 -0.000115407 0
-59.8779 0.0108645 -0.000115407 0 -59.8779 0.0108645 -0.000115407 0
-59.8779 0.0108645 -0.000115407 0 -59.8779 0.0108645 -0.000115407 0
-59.8779 0.0108645 -0.000115407 0 -59.8779 0.0108645 -0.000115407 0
-59.8779 0.0108645 -0.000115407 0 -59.8779 0.0108645 -0.000115407 0
-59.8779 0.0108645 -0.000115407 0 -59.8779 0.0108645 -0.000115407 0
-59.8779 0.0108645 -0.000115407 0 -59.8779 0.0108645 -0.000115407 0
-59.8779 0.0108645 -0.000115407 0 -59.8779 0.0108645 -0.000115407 0
-59.8779 0.0108645 -0.000115407 0 -59.8779 0.0108645 -0.000115407 0
-59.8779 0.0108645 -0.000115407 0 -59.8779 0.0108645 -0.000115407 0
-59.8779 0.0108645 -0.000115407 0 -59.8779 0.0108645 -0.000115407 0
-59.8779 0.0108645 -0.000115407 0 -59.8779 0.0108645 -0.000115407 0
-59.8779 0.0108645 -0.000115407 0 -59.8779 0.0108645 -0.000115407 0
-59.8779 0.0108645 -0.000115407 0 -59.8779 0.0108645 -0.000115407 0
-59.8779 0.0108645 -0.000115407 0 -59.8779 0.0108645 -0.000115407 0
-59.8779 0.0108645 -0.000115407 0 -59.8779 0.0108645 -0.000115407 0
-59.8779 0.0108645 -0.000115407 0 -59.8779 0.0108645 -0.000115407 0
-59.8779 0.0108645 -0.000115407 0 -59.8779 0.0108645 -0.000115407 0
-59.8779 0.0108645 -0.000115407 0 -59.8779 0.0108645 -0.000115407 0
-59.8779 0.0108645 -0.000115407 0 -59.8779 0.0108645 -0.000115407 0
-59.8779 0.0108645 -0.000115407 0 -59.8779 0.0108645 -0.000115407 0
-59.8779 0.0108645 -0.000115407 0 -59.8779 0.0108645 -0.000115407 0
-59.8779 0.0108645 -0.000115407 0 -59.8779 0.0108645 -0.000115407 0
-59.8779 0.0108645 -0.000115407 0 -59.8779 0.0108645 -0.000115407 0
-59.8779 0.0108645 -0.000115407 0 -59.8779 0.0108645 -0.000115407 0
-59.8779 0.0108645 -0.000115407 0 -59.8779 0.0108645 -0.000115407 0
-59.8779 0.0108645 -0.000115407 0 -59.8779 0.0108645 -0.000115407 0
-59.8779 0.0108645 -0.000115407 0 -59.8779 0.0108645 -0.000115407 0
-59.8779 0.0108645 -0.000115407 0 -59.8779 0.0108645 -0.000115407 0
-59.8779 0.0108645 -0.000115407 0 -59.8779 0.0108645 -0.000115407 0
-59.8779 0.0108645 -0.000115407 0 -59.8779 0.0108645 -0.000115407 0
-59.8779 0.0108645 -0.000115407 0 -59.8779 0.0108645 -0.000115407 0
-59.8779 0.0108645 -0.000115407 0 -59.8779 0.0108645 -0.000115407 0
-59.8779 0.0108645 -0.000115407 0 -59.8779 0.0108645 -0.000115407 0
-59.8779 0.0108645 -0.000115407 0 -59.8779 0.0108645 -0.000115407 0
-59.8779 0.0108645 -0.000115407 0 -59.8779 0.0108645 -0.000115407 0
-59.8779 0.0108645 -0.000115407 0 -59.8779 0.0108645 -0.000115407 0
-59.8779 0.0108645 -0.000115407 0 -59.8779 0.0108645 -0.000115407 0
-59.8779 0.0108645 -0.000115407 0 -59.8779 0.0108645 -0.000115407 0
-59.8779 0.0108645 -0.000115407 0 -59.8779 0.0108645 -0.000115407 0
-59.8779 0.0108645 -0.000115407 0 -59.8779 0.0108645 -0.000115407 0
-59.8779 0.0108645 -0.000115407 0 -59.8779 0.0108645 -0.000115407 0
-59.8779 0.0108645 -0.000115407 0 -59.8779 0.0108645 -0.000115407 0
-59.8779 0.0108645 -0.000115407 0 -59.8779 0.0108645 -0.000115407 0
-59.8779 0.0108645 -0.000115407 0 -59.8779 0.0108645 -0.000115407 0
-59.8779 0.0108645 -0.000115407 0 -59.8779 0.0108645 -0.000115407 0
-59.8779 0.0108645 -0.000115407 0 -59.8779 0.0108645 -0.000115407 0
-59.8779 0.0108645 -0.000115407 0 -59.8779 0.0108645 -0.000115407 0
-59.8779 0.0108645 -0.000115407 0 -59.8779 0.0108645 -0.000115407 0
-59.8779 0.0108645 -0.000115407 0 -59.8779 0.0108645 -0.000115407 0
-59.8779 0.0108645 -0.000115407 0 -59.8779 0.0108645 -0.000115407 0
-59.8779 0.0108645 -0.000115407 0 -59.8779 0.0108645 -0.000115407 0
-59.8779 0.0108645 -0.000115407 0 -59.8779 0.0108645 -0.000115407 0
-59.8779 0.0108645 -0.000115407 0 -59.8779 0.0108645 -0.000115407 0
-59.8779 0.0108645 -0.000115407 0 -59.8779 0.0108645 -0.000115407 0
-59.8779 0.0108645 -0.000115407 0 -59.8779 0.0108645 -0.000115407 0
-59.8779 0.0108645 -0.000115407 0 -59.8779 0.0108645 -0.000115407 0
-59.8779 0.0108645 -0.000115407 0 -59.8779 0.0108645 -0.000115407 0
-59.8779 0.0108645 -0.000115407 0 -59.8779 0.0108645 -0.000115407 0
-59.8779 0.0108645 -0.000115407 0 -59.8779 0.0108645 -0.000115407 0
-59.8779 0.0108645 -0.000115407 0 -59.8779 0.0108645 -0.000115407 0
-59.8779 0.0108645 -0.000115407 0 -59.8779 0.0108645 -0.000115407 0
-59.8779 0.0108645 -0.000115407 0 -59.8779 0.0108645 -0.000115407 0
-59.8779 0.0108645 -0.000115407 0 -59.8779 0.0108645 -0.000115407 0
-59.8779 0.0108645 -0.000115407 0 -59.8779 0.0108645 -0.000115407 0
-59.8779 0.0108645 -0.000115407 0 -59.8779 0.0108645 -0.000115407 0
-59.8779 0.0108645 -0.000115407 0 -59.8779 0.0108645 -0.000115407 0
-59.8779 0.0108645 -0.000115407 0 -59.8779 0.0108645 -0.000115407 0
-59.8779 0.0108645 -0.000115407 0 -59.8779 0.0108645 -0.000115407 0
-59.8779 0.0108645 -0.000115407 0 -59.8779 0.0108645 -0.000115407 0
-59.8779 0.0108645 -0.000115407 0 -59.8779 0.0108645 -0.000115407 0
-59.8779 0.0108645 -0.000115407 0 -59.8779 0.0108645 -0.000115407 0
-59.8779 0.0108645 -0.000115407 0 -59.8779 0.0108645 -0.000115407 0
-59.8779 0.0108645 -0.000115407 0 -59.8779 0.0108645 -0.000115407 0
-59.8779 0.0108645 -0.000115407 0 -59.8779 0.0108645 -0.000115407 0
-59.8779 0.0108645 -0.000115407 0 -59.8779 0.0108645 -0.000115407 0
-59.8779 0.0108645 -0.000115407 0 -59.8779 0.0108645 -0.000115407 0
-59.8779 0.0108645 -0.000115407 0 -59.8779 0.0108645 -0.000115407 0
-59.8779 0.0108645 -0.000115407 0 -59.8779 0.0108645 -0.000115407 0
-59.8779 0.0108645 -0.000115407 0 -59.8779 0.0108645 -0.000115407 0
-59.8779 0.0108645 -0.000115407 0 -59.8779 0.0108645 -0.000115407 0
-59.8779 0.0108645 -0.000115407 0 -59.8779 0.0108645 -0.000115407 0
-59.8779 0.0108645 -0.000115407 0 -59.8779 0.0108645 -0.000115407 0
-59.8779 0.0108645 -0.000115407 0 -59.8779 0.0108645 -0.000115407 0
-59.8779 0.0108645 -0.000115407 0 -59.8779 0.0108645 -0.000115407 0
-59.8779 0.0108645 -0.000115407 0 -59.8779 0.0108645 -0.000115407 0
-59.8779 0.0108645 -0.000115407 0 -59.8779 0.0108645 -0.000115407 0
-59.8779 0.0108645 -0.000115407 0 -59.8779 0.0108645 -0.000115407 0
-59.8779 0.0108645 -0.000115407 0 -59.8779 0.0108645 -0.000115407 0
-59.8779 0.0108645 -0.000115407 0 -59.8779 0.0108645 -0.000115407 0
-59.8779 0.0108645 -0.000115407 0 -59.8779 0.0108645 -0.000115407 0
-59.8779 0.0108645 -0.000115407 0 -59.8779 0.0108645 -0.000115407 0
-59.8779 0.0108645 -0.000115407 0 -59.8779 0.0108645 -0.000115407 0
-59.8779 0.0108645 -0.000115407 0 -59.8779 0.0108645 -0.000115407 0
-59.8779 0.0108645 -0.000115407 0 -59.8779 0.0108645 -0.000115407 0
-59.8779 0.0108645 -0.000115407 0 -59.8779 0.0108645 -0.000115407 0
-59.8779 0.0108645 -0.000115407 0 -59.8779 0.0108645 -0.000115407 0
-59.8779 0.0108645 -0.000115407 0 -59.8779 0.0108645 -0.000115407 0
-59.8779 0.0108645 -0.000115407 0 -59.8779 0.0108645 -0.000115407 0
-59.8779 0.0108645 -0.000115407 0 -59.8779 0.0108645 -0.000115407 0
-59.8779 0.0108645 -0.000115407 0 -59.8779 0.0108645 -0.000115407 0
-59.8779 0.0108645 -0.000115407 0 -59.8779 0.0108645 -0.000115407 0
-59.8779 0.0108645 -0.000115407 0 -59.8779 0.0108645 -0.000115407 0
-59.8779 0.0108645 -0.000115407 0 -59.8779 0.0108645 -0.000115407 0
-59.8779 0.0108645 -0.000115407 0 -59.8779 0.0108645 -0.000115407 0
-59.8779 0.0108645 -0.000115407 0 -59.8779 0.0108645 -0.000115407 0
-59.8779 0.0108645 -0.000115407 0 -59.8779 0.0108645 -0.000115407 0
-59.8779 0.0108645 -0.000115407 0 -59.8779 0.0108645 -0.000115407 0
-59.8779 0.0108645 -0.000115407 0 -59.8779 0.0108645 -0.000115407 0
-59.8779 0.0108645 -0.000115407 0 -59.8779 0.0108645 -0.000115407 0
-59.8779 0.0108645 -0.000115407 0 -59.8779 0.0108645 -0.000115407 0
-60.1052 0.0108515 -0.000111293 0 -59.9349 0.0108623 -0.000114526 0
-60.3795 0.0107838 -0.000104145 0 -60.067 0.0108422 -0.000111471 0
-60.5901 0.0106629 -9.8268e-05 0 -60.1972 0.0107919 -0.000107765 0
-60.7145 0.0105119 -9.47091e-05 0 -60.2898 0.0107174 -0.000105009 0
-60.7851 0.010352 -9.27995e-05 0 -60.3602 0.0106298 -0.000103077 0
-60.823 0.0101949 -9.18235e-05 0 -60.4138 0.0105356 -0.000101628 0
-60.8432 0.0100467 -9.13646e-05 0 -60.4497 0.0104397 -0.000100649 0
-60.8544 0.00990997 -9.11679e-05 0 -60.4718 0.0103461 -0.000100066 0
-60.8622 0.00978507 -9.10786e-05 0 -60.4878 0.0102574 -9.97046e-05 0
-59.662 0.00970717 -0.000107066 0 -60.5015 0.0101744 -9.94165e-05 0
-58.0823 0.00997073 -0.000158306 0 -60.509 0.0100972 -9.92501e-05 0
-56.8365 0.0107077 -0.000217541 0 -60.5121 0.0100264 -9.92046e-05 0
-55.8121 0.0119197 -0.000280495 0 -60.5126 0.00996237 -9.92343e-05 0
-54.9479 0.0135857 -0.000345361 0 -60.5117 0.0099049 -9.93022e-05 0
-54.2085 0.0156725 -0.000410703 0 -60.5094 0.00985363 -9.93981e-05 0
-53.5711 0.0181384 -0.000475242 0 -60.5056 0.00980824 -9.95238e-05 0
-52.9983 0.0209348 -0.000537914 0 -60.5007 0.00976841 -9.96767e-05 0
-51.5951 0.0242533 -0.000670577 0 -60.4912 0.00973398 -9.99036e-05 0
-50.4341 0.0287995 -0.00086622 0 -60.4796 0.00970533 -0.000100215 0
-49.4595 0.0347238 -0.00107476 0 -60.4677 0.00968223 -0.000100535 0
-48.6204 0.041955 -0.0012864 0 -60.4548 0.00966423 -0.00010087 0
-47.8893 0.050376 -0.00149711 0 -60.4419 0.00965097 -0.000101213 0
-47.2471 0.0598515 -0.00170403 0 -60.4227 0.00964226 -0.000101643 0
-46.6816 0.070236 -0.00190473 0 -60.4001 0.00963897 -0.00010221 0
-46.1928 0.0813715 -0.00209517 0 -60.3811 0.00964097 -0.000102736 0
-45.7684 0.093076 -0.00227189 0 -60.364 0.00964702 -0.000103183 0
-45.3997 0.105168 -0.00243391 0 -60.3461 0.00965641 -0.000103629 0
-45.1112 0.11746 -0.00257466 0 -60.3355 0.00966865 -0.000103976 0
-44.8781 0.129709 -0.0026895 0 -60.33 0.00968185 -0.00010414 0
-44.6877 0.141706 -0.00278244 0 -60.3195 0.00969508 -0.000104322 0
-44.5336 0.1533 -0.00285702 0 -60.2965 0.00971011 -0.000104824 0
-44.4228 0.164367 -0.0029129 0 -60.2756 0.00972873 -0.000105387 0
-44.3248 0.174785 -0.0029501 0 -60.2594 0.00975005 -0.000105829 0
-44.1662 0.184585 -0.00300252 0 -60.235 0.00977345 -0.000106376 0
-44.0472 0.193963 -0.0030603 0 -60.2109 0.00980007 -0.000107005 0
-43.966 0.202913 -0.00310593 0 -60.1894 0.00982952 -0.000107577 0
-43.9127 0.211339 -0.00313533 0 -60.1647 0.00986109 -0.00010815 0
-43.9018 0.219144 -0.00314629 0 -60.1237 0.00989632 -0.000109103 0
-43.9393 0.226196 -0.00313333 0 -60.094 0.00993709 -0.000110013 0
-44.0283 0.232337 -0.00309339 0 -60.0969 0.00997941 -0.00011023 0
-44.1404 0.237426 -0.00303119 0 -60.1092 0.0100162 -0.000109874 0
-44.2518 0.241427 -0.00296054 0 -60.0746 0.0100489 -0.000110317 0
-44.3721 0.24441 -0.00288799 0 -60.0309 0.0100865 -0.000111446 0
-44.4986 0.246456 -0.00281417 0 -59.9839 0.010131 -0.000112675 0
-44.6376 0.247646 -0.00273865 0 -59.9399 0.0101824 -0.000113913 0
-44.7919 0.248036 -0.00265953 0 -59.9007 0.0102396 -0.000115037 0
-44.9778 0.247656 -0.00257296 0 -59.8876 0.0102994 -0.000115634 0
-45.1749 0.246505 -0.00247907 0 -59.888 0.0103558 -0.000115668 0
-45.3818 0.244614 -0.00238264 0 -59.905 0.0104056 -0.000115306 0
-45.5885 0.242047 -0.00228691 0 -59.9165 0.0104461 -0.000114834 0
-45.7977 0.238887 -0.00219416 0 -59.9164 0.01048 -0.000114688 0
-46.0168 0.235214 -0.00210311 0 -59.912 0.0105106 -0.000114749 0
-46.2465 0.231083 -0.00201219 0 -59.9073 0.010539 -0.000114853 0
-46.475 0.226543 -0.00192286 0 -59.8658 0.010567 -0.000115521 0
-46.7066 0.221657 -0.00183699 0 -59.8144 0.0106035 -0.00011703 0
-46.9386 0.216488 -0.0017542 0 -59.7898 0.010648 -0.000117991 0
-47.1674 0.211093 -0.00167534 0 -59.7745 0.010694 -0.000118458 0
-47.3887 0.205532 -0.00160135 0 -59.6632 0.0107427 -0.000120353 0
-47.5992 0.199872 -0.00153353 0 -59.507 0.0108195 -0.000124971 0
-47.8005 0.194175 -0.00147153 0 -59.3729 0.0109293 -0.000129322 0
-47.9936 0.188495 -0.00141475 0 -59.2623 0.0110647 -0.000133066 0
-48.178 0.182873 -0.00136261 0 -59.16 0.0112179 -0.000136369 0
-48.3542 0.177344 -0.00131482 0 -59.0633 0.0113857 -0.000139607 0
-48.5241 0.171934 -0.00127068 0 -58.9819 0.0115646 -0.000142441 0
-48.6868 0.166662 -0.00122979 0 -58.9057 0.01175 -0.000144993 0
-48.8407 0.161544 -0.00119211 0 -58.678 0.0119447 -0.000149965 0
-48.9848 0.156595 -0.00115792 0 -58.3331 0.0122053 -0.000162462 0
-49.1211 0.151828 -0.00112675 0 -58.0344 0.0125542 -0.000175014 0
-49.2678 0.147244 -0.00109631 0 -57.7751 0.0129773 -0.00018662 0
-49.4129 0.142825 -0.00106575 0 -57.5407 0.0134591 -0.000197422 0
-49.5523 0.138561 -0.00103656 0 -57.3347 0.0139877 -0.00020745 0
-49.6841 0.134453 -0.0010094 0 -57.154 0.0145506 -0.000216519 0
-49.8079 0.130505 -0.000984514 0 -56.9966 0.0151361 -0.00022466 0
-49.9223 0.126722 -0.000961954 0 -56.8541 0.0157344 -0.000232048 0
-50.0267 0.123111 -0.00094184 0 -56.7209 0.0163392 -0.000239023 0
-50.1207 0.119676 -0.000924148 0 -56.5946 0.0169471 -0.00024575 0
-50.2042 0.116422 -0.000908797 0 -56.4729 0.0175561 -0.000252328 0
-50.2769 0.113352 -0.00089577 0 -56.3541 0.0181654 -0.000258909 0
-50.3396 0.110469 -0.000884874 0 -56.2397 0.0187748 -0.00026542 0
-50.3927 0.107773 -0.000875946 0 -56.1291 0.0193836 -0.000271845 0
-50.4363 0.105263 -0.000868866 0 -56.0221 0.0199911 -0.000278198 0
-50.4668 0.102938 -0.000863757 0 -54.9733 0.0206889 -0.000318992 0
-50.4844 0.100801 -0.000861237 0 -53.8432 0.0219855 -0.000413733 0
-50.4933 0.0988541 -0.000860608 0 -52.906 0.0240587 -0.000518609 0
-50.4941 0.0970945 -0.000861505 0 -52.1077 0.0268792 -0.000625706 0
-50.4876 0.0955168 -0.000863763 0 -51.4173 0.0303825 -0.000732501 0
-50.4742 0.0941153 -0.000867264 0 -50.8143 0.0344934 -0.000837434 0
-50.4546 0.0928838 -0.0008719 0 -50.2841 0.0391319 -0.00093933 0
-50.4294 0.0918156 -0.000877561 0 -49.5886 0.0442196 -0.00104234 0
-50.3948 0.0909049 -0.000884518 0 -47.9993 0.0504343 -0.00132575 0
-50.3544 0.0901498 -0.000892905 0 -46.6241 0.0592862 -0.00174256 0
-50.3106 0.0895456 -0.000902165 0 -45.3763 0.07134 -0.00222936 0
-50.2643 0.0890841 -0.000911994 0 -44.2195 0.0868404 -0.0027734 0
-50.2165 0.0887557 -0.000922191 0 -43.1312 0.105951 -0.00337177 0
-50.1681 0.0885504 -0.000932588 0 -42.0942 0.128809 -0.00402455 0
-50.1197 0.0884573 -0.000943026 0 -41.0941 0.155549 -0.00473348 0
-50.0721 0.0884655 -0.00095335 0 -40.1185 0.186312 -0.00550147 0
-50.0262 0.0885637 -0.000963408 0 -39.1567 0.221258 -0.00633241 0
-49.9825 0.0887401 -0.000973055 0 -38.1987 0.260567 -0.00723092 0
-49.9416 0.0889831 -0.000982151 0 -37.2357 0.304449 -0.00820195 0
-49.9042 0.0892808 -0.000990566 0 -36.2595 0.353133 -0.00925018 0
-49.8706 0.0896214 -0.000998185 0 -35.2636 0.406866 -0.010379 0
-49.8413 0.0899932 -0.0010049 0 -34.2432 0.465887 -0.0115889 0
-49.8166 0.0903849 -0.00101064 0 -33.1967 0.530397 -0.0128751 0
-49.7968 0.0907855 -0.00101531 0 -32.1275 0.600498 -0.0142247 0
-49.862 0.0911685 -0.00101235 0 -31.1019 0.676118 -0.0156071 0
-49.9778 0.091406 -0.000992926 0 -30.1239 0.75662 -0.0169373 0
-50.0862 0.0914181 -0.00096879 0 -29.196 0.840874 -0.0181763 0
-50.1746 0.0912237 -0.000947264 0 -28.3409 0.927567 -0.0192926 0
-50.4118 0.090845 -0.000917214 0 -27.6919 1.0153 -0.0202631 0
-50.7087 0.0901132 -0.000864514 0 -27.2203 1.10212 -0.0209701 0
-50.9525 0.0889777 -0.000813809 0 -26.8945 1.18576 -0.0214258 0
-51.1946 0.087543 -0.000770979 0 -26.7461 1.26451 -0.0216763 0
-51.4514 0.08587 -0.000729091 0 -26.7697 1.33704 -0.0217237 0
-51.7383 0.0839847 -0.000686709 0 -26.966 1.40222 -0.0215862 0
-52.042 0.0818943 -0.000643032 0 -27.318 1.45911 -0.0212658 0
-52.3538 0.079619 -0.000600413 0 -28.0035 1.50715 -0.0207873 0
-52.6651 0.0771907 -0.00055994 0 -28.982 1.54496 -0.0199896 0
-52.9343 0.0746532 -0.000524533 0 -30.1085 1.57019 -0.0188023 0
-53.1577 0.0720779 -0.000496622 0 -31.4513 1.58101 -0.017298 0
-53.3244 0.0695318 -0.000475821 0 -32.9645 1.57583 -0.0154593 0
-53.4616 0.0670734 -0.000460836 0 -34.748 1.55348 -0.0133269 0
-53.5718 0.0647316 -0.000449224 0 -36.7228 1.51293 -0.0109228 0
-53.6637 0.0625235 -0.00044037 0 -38.8484 1.45433 -0.00843305 0
-53.739 0.0604559 -0.000433394 0 -40.9707 1.37976 -0.00611723 0
-53.7955 0.0585316 -0.000428289 0 -42.8961 1.29363 -0.00424937 0
-53.835 0.0567539 -0.000424982 0 -44.4618 1.20172 -0.0029511 0
-53.8612 0.0551231 -0.000423135 0 -45.6115 1.10945 -0.00215356 0
-53.8835 0.0536358 -0.000422106 0 -46.4251 1.02059 -0.0016967 0
-53.9006 0.0522825 -0.00042141 0 -46.9807 0.937143 -0.00143949 0
-53.9169 0.0510535 -0.000420968 0 -47.3891 0.859917 -0.00129144 0
-53.9294 0.0499378 -0.000420631 0 -47.6948 0.789023 -0.00120088 0
-53.9355 0.0489273 -0.00042074 0 -47.9319 0.724243 -0.00114294 0
-53.9351 0.0480166 -0.000421405 0 -48.1247 0.665216 -0.00110398 0
-53.929 0.0472011 -0.000422595 0 -48.2884 0.611522 -0.00107624 0
-53.9178 0.0464759 -0.000424245 0 -48.4322 0.562731 -0.00105533 0
-53.911 0.0458354 -0.000425897 0 -48.5983 0.518414 -0.00103534 0
-53.9055 0.0452684 -0.000427138 0 -48.7641 0.478131 -0.00101339 0
-53.9052 0.0447653 -0.000428057 0 -48.9541 0.441482 -0.000988898 0
-53.9051 0.044316 -0.000428576 0 -49.1393 0.408094 -0.000962288 0
-53.9082 0.0439138 -0.000428933 0 -49.3406 0.377647 -0.00093448 0
-53.9102 0.0435516 -0.000429069 0 -49.5317 0.349849 -0.000906247 0
-53.9071 0.0432262 -0.00042951 0 -49.7034 0.324459 -0.000880777 0
-53.8984 0.042938 -0.000430454 0 -49.8559 0.301279 -0.000859071 0
-53.8848 0.0426879 -0.000431886 0 -49.9914 0.280131 -0.00084093 0
-53.8764 0.0424753 -0.000433316 0 -50.1492 0.260843 -0.000822756 0
-53.8707 0.042293 -0.00043424 0 -50.3049 0.243221 -0.000803106 0
-53.9042 0.0421311 -0.000433265 0 -50.4607 0.227105 -0.000783745 0
-53.9541 0.0419582 -0.00042901 0 -50.6077 0.212353 -0.000764892 0
-54.029 0.0417581 -0.000423154 0 -50.7866 0.198837 -0.000744542 0
-54.1266 0.0415125 -0.000414754 0 -50.9704 0.186413 -0.000721548 0
-54.2103 0.0412116 -0.000406111 0 -51.1368 0.174971 -0.00069957 0
-54.2657 0.0408724 -0.00039978 0 -51.2803 0.164437 -0.000680884 0
-54.2966 0.0405213 -0.000396029 0 -51.4034 0.154757 -0.000665711 0
-54.3091 0.0401802 -0.00039433 0 -51.5091 0.14588 -0.000653538 0
-54.3081 0.0398638 -0.000394127 0 -51.6004 0.137751 -0.000643782 0
-54.2971 0.039581 -0.000395004 0 -51.6793 0.130319 -0.000635973 0
-54.2785 0.0393367 -0.000396678 0 -51.7474 0.123533 -0.000629761 0
-54.254 0.0391335 -0.00039896 0 -51.8059 0.117346 -0.000624891 0
-54.2248 0.0389722 -0.000401718 0 -51.8557 0.111709 -0.000621171 0
-54.1918 0.0388526 -0.000404858 0 -51.8977 0.106582 -0.00061845 0
-54.1558 0.0387738 -0.000408309 0 -51.9326 0.101923 -0.000616602 0
-54.1172 0.0387344 -0.000412013 0 -51.9611 0.0976945 -0.000615517 0
-54.0767 0.0387327 -0.000415922 0 -51.9838 0.0938628 -0.000615096 0
-54.0348 0.0387666 -0.000419991 0 -52.0015 0.0903951 -0.000615243 0
-53.9918 0.038834 -0.000424182 0 -52.0148 0.0872613 -0.000615869 0
-53.9483 0.0389327 -0.000428457 0 -52.0243 0.0844336 -0.000616886 0
-53.9045 0.0390603 -0.000432779 0 -52.0307 0.0818858 -0.000618209 0
-53.8608 0.0392142 -0.000437116 0 -52.0345 0.0795937 -0.000619754 0
-53.8176 0.0393919 -0.000441434 0 -52.0365 0.0775343 -0.000621442 0
-53.7751 0.0395908 -0.000445702 0 -52.0372 0.0756866 -0.000623199 0
-53.7336 0.0398084 -0.000449893 0 -52.0371 0.0740306 -0.000624952 0
-53.6934 0.0400421 -0.000453979 0 -52.0366 0.0725477 -0.000626637 0
-53.6547 0.0402892 -0.000457938 0 -52.0363 0.0712206 -0.000628194 0
-53.6176 0.0405474 -0.000461747 0 -52.0366 0.070033 -0.000629574 0
-53.5822 0.040814 -0.000465389 0 -52.0377 0.0689698 -0.00063073 0
-53.5488 0.0410868 -0.000468848 0 -52.04 0.0680171 -0.000631628 0
-53.5173 0.0413634 -0.000472113 0 -52.0436 0.0671618 -0.000632239 0
-53.4878 0.0416418 -0.000475175 0 -52.0488 0.0663921 -0.000632542 0
-53.4604 0.0419199 -0.000478028 0 -52.0557 0.065697 -0.000632526 0
-53.435 0.0421959 -0.000480668 0 -52.0643 0.0650665 -0.000632184 0
-53.4117 0.042468 -0.000483097 0 -52.0748 0.0644916 -0.000631517 0
-53.3903 0.0427349 -0.000485316 0 -52.087 0.063964 -0.000630533 0
-53.3708 0.0429951 -0.000487329 0 -52.1009 0.0634766 -0.000629244 0
-53.3532 0.0432475 -0.000489142 0 -52.1166 0.0630229 -0.000627664 0
-53.3374 0.0434911 -0.000490762 0 -52.1338 0.0625971 -0.000625813 0
-53.3233 0.043725 -0.0004922 0 -52.1526 0.0621943 -0.000623714 0
-53.3108 0.0439486 -0.000493463 0 -52.1727 0.0618101 -0.000621388 0
-53.2998 0.0441614 -0.000494563 0 -52.194 0.061441 -0.000618862 0
-53.2902 0.0443629 -0.000495511 0 -52.2165 0.0610838 -0.000616158 0
-53.2819 0.0445531 -0.000496317 0 -52.24 0.0607359 -0.000613303 0
-53.2748 0.0447316 -0.000496993 0 -52.2643 0.0603951 -0.00061032 0
-53.2688 0.0448986 -0.000497549 0 -52.2894 0.0600599 -0.000607233 0
-53.2638 0.0450541 -0.000497997 0 -52.315 0.0597288 -0.000604064 0
-53.2597 0.0451984 -0.000498345 0 -52.341 0.0594007 -0.000600833 0
-53.2565 0.0453315 -0.000498604 0 -52.3675 0.059075 -0.000597559 0
-53.254 0.0454539 -0.000498784 0 -52.3941 0.0587512 -0.000594261 0
-53.2522 0.0455659 -0.000498893 0 -52.4209 0.0584288 -0.000590953 0
-53.251 0.0456679 -0.000498938 0 -52.4477 0.0581078 -0.000587652 0
-53.2503 0.0457604 -0.000498928 0 -52.4744 0.0577881 -0.000584368 0
-53.2502 0.0458437 -0.00049887 0 -52.501 0.0574699 -0.000581115 0
-53.2504 0.0459183 -0.000498769 0 -52.5274 0.0571532 -0.0005779 0
-53.251 0.0459848 -0.000498633 0 -52.5535 0.0568383 -0.000574734 0
-53.252 0.0460436 -0.000498465 0 -52.5794 0.0565256 -0.000571623 0
-53.2532 0.0460952 -0.000498271 0 -52.6048 0.0562153 -0.000568573 0
-53.2547 0.04614 -0.000498054 0 -52.6298 0.0559078 -0.000565589 0
-53.2563 0.0461785 -0.00049782 0 -52.6543 0.0556034 -0.000562676 0
-53.2582 0.0462113 -0.000497571 0 -52.6784 0.0553024 -0.000559836 0
-53.2602 0.0462386 -0.000497311 0 -52.7019 0.0550053 -0.000557073 0
-53.2623 0.046261 -0.000497041 0 -52.725 0.0547122 -0.000554387 0
-53.2644 0.0462788 -0.000496766 0 -52.7474 0.0544236 -0.00055178 0
-53.2667 0.0462925 -0.000496485 0 -52.7693 0.0541396 -0.000549252 0
-53.269 0.0463023 -0.000496203 0 -52.7906 0.0538607 -0.000546805 0
-53.2714 0.0463087 -0.000495919 0 -52.8114 0.0535869 -0.000544436 0
-53.2738 0.046312 -0.000495636 0 -52.8315 0.0533185 -0.000542147 0
-53.2762 0.0463124 -0.000495355 0 -52.8511 0.0530558 -0.000539936 0
-53.2786 0.0463103 -0.000495076 0 -52.8701 0.0527987 -0.000537803 0
-53.281 0.046306 -0.000494801 0 -52.8885 0.0525476 -0.000535744 0
-53.2833 0.0462996 -0.00049453 0 -52.9063 0.0523024 -0.000533761 0
-53.2857 0.0462915 -0.000494264 0 -52.9236 0.0520633 -0.000531849 0
-53.288 0.0462818 -0.000494004 0 -52.9403 0.0518304 -0.000530009 0
-53.2902 0.0462707 -0.000493749 0 -52.9564 0.0516036 -0.000528238 0
-53.2925 0.0462585 -0.000493501 0 -52.972 0.0513829 -0.000526535 0
-53.2947 0.0462452 -0.000493259 0 -52.987 0.0511685 -0.000524897 0
-53.2968 0.0462311 -0.000493023 0 -53.0016 0.0509603 -0.000523322 0
-53.2989 0.0462163 -0.000492795 0 -53.0156 0.0507581 -0.000521809 0
-53.3009 0.0462009 -0.000492573 0 -53.0291 0.0505621 -0.000520355 0
-53.3029 0.046185 -0.000492358 0 -53.0422 0.0503721 -0.000518959 0
-53.3049 0.0461688 -0.00049215 0 -53.0547 0.050188 -0.000517619 0
-53.3067 0.0461522 -0.000491949 0 -53.0668 0.0500098 -0.000516332 0
-53.3086 0.0461355 -0.000491754 0 -53.0785 0.0498374 -0.000515098 0
-53.3103 0.0461187 -0.000491566 0 -53.0897 0.0496707 -0.000513913 0
-53.312 0.0461019 -0.000491385 0 -53.1005 0.0495096 -0.000512777 0
-53.3137 0.0460851 -0.00049121 0 -53.1109 0.0493539 -0.000511687 0
-53.3153 0.0460683 -0.000491042 0 -53.1209 0.0492036 -0.000510642 0
-53.3168 0.0460517 -0.00049088 0 -53.1305 0.0490586 -0.000509639 0
-53.3183 0.0460353 -0.000490724 0 -53.1398 0.0489186 -0.000508679 0
-53.3198 0.046019 -0.000490573 0 -53.1486 0.0487836 -0.000507758 0
-53.3212 0.046003 -0.000490429 0 -53.1572 0.0486535 -0.000506875 0
-53.3225 0.0459873 -0.00049029 0 -53.1654 0.0485281 -0.000506029 0
-53.3238 0.0459719 -0.000490156 0 -53.1732 0.0484073 -0.000505219 0
-53.325 0.0459567 -0.000490028 0 -53.1808 0.048291 -0.000504442 0
-53.3262 0.0459419 -0.000489905 0 -53.1881 0.048179 -0.000503698 0
-53.3274 0.0459274 -0.000489787 0 -53.195 0.0480712 -0.000502985 0
-53.3285 0.0459133 -0.000489673 0 -53.2017 0.0479674 -0.000502302 0
-53.3296 0.0458996 -0.000489564 0 -53.2081 0.0478677 -0.000501648 0
-53.3306 0.0458862 -0.000489459 0 -53.2143 0.0477717 -0.000501022 0
-53.3316 0.0458731 -0.000489359 0 -53.2202 0.0476794 -0.000500422 0
-53.3325 0.0458605 -0.000489263 0 -53.2259 0.0475908 -0.000499848 0
-53.3334 0.0458482 -0.000489171 0 -53.2313 0.0475056 -0.000499298 0
-53.3343 0.0458362 -0.000489083 0 -53.2365 0.0474237 -0.000498771 0
-53.3352 0.0458247 -0.000488998 0 -53.2415 0.047345 -0.000498267 0
-53.336 0.0458135 -0.000488917 0 -53.2463 0.0472695 -0.000497784 0
-53.3367 0.0458027 -0.000488839 0 -53.2509 0.0471969 -0.000497322 0
-53.3375 0.0457922 -0.000488764 0 -53.2553 0.0471273 -0.000496879 0
-53.3382 0.0457821 -0.000488693 0 -53.2596 0.0470604 -0.000496456 0
-53.3389 0.0457723 -0.000488625 0 -53.2636 0.0469963 -0.00049605 0
-53.3395 0.0457629 -0.000488559 0 -53.2675 0.0469347 -0.000495662 0
-53.3402 0.0457538 -0.000488497 0 -53.2712 0.0468756 -0.000495291 0
-53.3408 0.045745 -0.000488437 0 -53.2748 0.046819 -0.000494935 0
-53.3413 0.0457365 -0.000488379 0 -53.2782 0.0467646 -0.000494595 0
-53.3419 0.0457283 -0.000488324 0 -53.2815 0.0467125 -0.00049427 0
-53.3424 0.0457205 -0.000488272 0 -53.2846 0.0466625 -0.000493958 0
-53.3429 0.0457129 -0.000488222 0 -53.2876 0.0466145 -0.00049366 0
-53.3434 0.0457056 -0.000488173 0 -53.2905 0.0465686 -0.000493374 0
-53.3439 0.0456986 -0.000488127 0 -53.2932 0.0465245 -0.000493101 0
-53.3443 0.0456919 -0.000488083 0 -53.2959 0.0464823 -0.00049284 0
-53.3447 0.0456854 -0.000488041 0 -53.2984 0.0464418 -0.00049259 0
-53.3451 0.0456792 -0.000488001 0 -53.3008 0.046403 -0.000492351 0
-53.3455 0.0456732 -0.000487962 0 -53.3031 0.0463658 -0.000492122 0
-53.3459 0.0456674 -0.000487925 0 -53.3053 0.0463302 -0.000491903 0
-53.3463 0.0456619 -0.00048789 0 -53.3075 0.0462961 -0.000491694 0
-53.3466 0.0456566 -0.000487856 0 -53.3095 0.0462634 -0.000491493 0
-53.3469 0.0456515 -0.000487824 0 -53.3114 0.046232 -0.000491302 0
-53.3473 0.0456466 -0.000487793 0 -53.3133 0.046202 -0.000491118 0
-53.3476 0.0456419 -0.000487763 0 -53.3151 0.0461733 -0.000490943 0
-53.3478 0.0456374 -0.000487735 0 -53.3168 0.0461458 -0.000490775 0
-53.3481 0.0456331 -0.000487708 0 -53.3184 0.0461194 -0.000490615 0
-53.3484 0.045629 -0.000487682 0 -53.32 0.0460942 -0.000490461 0
-53.3486 0.045625 -0.000487657 0 -53.3215 0.04607 -0.000490314 0
-53.3489 0.0456212 -0.000487634 0 -53.3229 0.0460469 -0.000490174 0
-53.3491 0.0456175 -0.000487611 0 -53.3243 0.0460247 -0.00049004 0
-53.3493 0.045614 -0.00048759 0 -53.3256 0.0460035 -0.000489911 0
-53.3495 0.0456107 -0.000487569 0 -53.3268 0.0459832 -0.000489788 0
-53.3497 0.0456075 -0.000487549 0 -53.328 0.0459638 -0.000489671 0
-53.3499 0.0456044 -0.00048753 0 -53.3292 0.0459452 -0.000489559 0
-53.3501 0.0456015 -0.000487512 0 -53.3303 0.0459274 -0.000489451 0
-53.3503 0.0455986 -0.000487495 0 -53.3313 0.0459103 -0.000489348 0
-53.3505 0.0455959 -0.000487479 0 -53.3323 0.045894 -0.00048925 0
-53.3506 0.0455933 -0.000487463 0 -53.3333 0.0458784 -0.000489156 0
-53.3508 0.0455909 -0.000487448 0 -53.3342 0.0458634 -0.000489066 0
-53.3509 0.0455885 -0.000487434 0 -53.3351 0.0458492 -0.00048898 0
-53.3511 0.0455862 -0.00048742 0 -53.3359 0.0458355 -0.000488898 0
-53.3512 0.045584 -0.000487407 0 -53.3367 0.0458224 -0.00048882 0
-53.3513 0.045582 -0.000487394 0 -53.3375 0.0458099 -0.000488745 0
-53.3514 0.04558 -0.000487382 0 -53.3382 0.0457979 -0.000488673 0
-53.3516 0.0455781 -0.000487371 0 -53.3389 0.0457864 -0.000488604 0
-53.3517 0.0455762 -0.00048736 0 -53.3396 0.0457754 -0.000488539 0
-53.3518 0.0455745 -0.000487349 0 -53.3402 0.045765 -0.000488476 0
-53.3519 0.0455728 -0.000487339 0 -53.3408 0.0457549 -0.000488416 0
-53.352 0.0455712 -0.00048733 0 -53.3414 0.0457453 -0.000488359 0
-53.3521 0.0455697 -0.000487321 0 -53.342 0.0457361 -0.000488304 0
-53.3522 0.0455682 -0.000487312 0 -53.3425 0.0457273 -0.000488251 0
-53.3523 0.0455668 -0.000487304 0 -53.343 0.0457189 -0.000488201 0
-53.3523 0.0455655 -0.000487296 0 -53.3435 0.0457109 -0.000488154 0
-53.3524 0.0455642 -0.000487288 0 -53.344 0.0457032 -0.000488108 0
-53.3525 0.045563 -0.000487281 0 -53.3444 0.0456959 -0.000488064 0
-53.3526 0.0455618 -0.000487274 0 -53.3449 0.0456888 -0.000488022 0
-53.3526 0.0455607 -0.000487267 0 -53.3453 0.0456821 -0.000487982 0
-53.3527 0.0455596 -0.000487261 0 -53.3457 0.0456757 -0.000487944 0
-53.3528 0.0455586 -0.000487255 0 -53.346 0.0456695 -0.000487908 0
-53.3528 0.0455576 -0.000487249 0 -53.3464 0.0456637 -0.000487873 0
-53.3529 0.0455567 -0.000487244 0 -53.3467 0.045658 -0.000487839 0
-53.3529 0.0455558 -0.000487238 0 -53.3471 0.0456527 -0.000487808 0
-53.353 0.045555 -0.000487233 0 -53.3474 0.0456475 -0.000487777 0
-53.353 0.0455541 -0.000487228 0 -53.3477 0.0456426 -0.000487748 0
-53.3531 0.0455534 -0.000487224 0 -53.348 0.0456379 -0.00048772 0
-53.3531 0.0455526 -0.000487219 0 -53.3482 0.0456334 -0.000487694 0
-53.3532 0.0455519 -0.000487215 0 -53.3485 0.0456291 -0.000487668 0
-53.3532 0.0455512 -0.000487211 0 -53.3487 0.045625 -0.000487644 0
-53.3532 0.0455506 -0.000487207 0 -53.349 0.0456211 -0.000487621 0
-53.3533 0.0455499 -0.000487204 0 -53.3492 0.0456173 -0.000487599 0
-53.3533 0.0455493 -0.0004872 0 -53.3494 0.0456137 -0.000487577 0
-53.3534 0.0455488 -0.000487197 0 -53.3496 0.0456103 -0.000487557 0
-53.3534 0.0455482 -0.000487194 0 -53.3498 0.045607 -0.000487538 0
-53.3534 0.0455477 -0.000487191 0 -53.35 0.0456039 -0.000487519 0
-53.3534 0.0455472 -0.000487188 0 -53.3502 0.0456009 -0.000487502 0
-53.3535 0.0455467 -0.000487185 0 -53.3504 0.045598 -0.000487485 0
-53.3535 0.0455463 -0.000487182 0 -53.3505 0.0455953 -0.000487469 0
-53.3535 0.0455459 -0.00048718 0 -53.3507 0.0455927 -0.000487453 0
-53.3536 0.0455454 -0.000487177 0 -53.3509 0.0455902 -0.000487439 0
-53.3536 0.0455451 -0.000487175 0 -53.351 0.0455878 -0.000487425 0
-53.3536 0.0455447 -0.000487173 0 -53.3511 0.0455855 -0.000487411 0
-53.3536 0.0455443 -0.000487171 0 -53.3513 0.0455833 -0.000487398 0
-53.3536 0.045544 -0.000487169 0 -53.3514 0.0455812 -0.000487386 0
-53.3537 0.0455436 -0.000487167 0 -53.3515 0.0455793 -0.000487375 0
-53.3537 0.0455433 -0.000487165 0 -53.3516 0.0455773 -0.000487363 0
-53.3537 0.045543 -0.000487163 0 -53.3517 0.0455755 -0.000487353 0
-53.3537 0.0455427 -0.000487162 0 -53.3518 0.0455738 -0.000487343 0
-53.3537 0.0455425 -0.00048716 0 -53.352 0.0455721 -0.000487333 0
-53.3537 0.0455422 -0.000487158 0 -53.352 0.0455705 -0.000487323 0
-53.3538 0.045542 -0.000487157 0 -53.3521 0.045569 -0.000487315 0
-53.3538 0.0455417 -0.000487156 0 -53.3522 0.0455676 -0.000487306 0
-53.3538 0.0455415 -0.000487154 0 -53.3523 0.0455662 -0.000487298 0
-53.3538 0.0455413 -0.000487153 0 -53.3524 0.0455649 -0.00048729 0
-53.3538 0.0455411 -0.000487152 0 -53.3525 0.0455636 -0.000487283 0
-53.3538 0.0455409 -0.000487151 0 -53.3525 0.0455624 -0.000487276 0
-53.3538 0.0455407 -0.00048715 0 -53.3526 0.0455612 -0.000487269 0
-53.3538 0.0455405 -0.000487149 0 -53.3527 0.0455601 -0.000487263 0
-53.3539 0.0455403 -0.000487148 0 -53.3527 0.0455591 -0.000487256 0
-53.3539 0.0455401 -0.000487147 0 -53.3528 0.0455581 -0.000487251 0
-53.3539 0.04554 -0.000487146 0 -53.3529 0.0455571 -0.000487245 0
-53.3539 0.0455398 -0.000487145 0 -53.3529 0.0455562 -0.00048724 0
-53.3539 0.0455397 -0.000487144 0 -53.353 0.0455553 -0.000487234 0
-53.3539 0.0455396 -0.000487143 0 -53.353 0.0455545 -0.00048723 0
-53.3539 0.0455394 -0.000487142 0 -53.3531 0.0455537 -0.000487225 0
-53.3539 0.0455393 -0.000487142 0 -53.3531 0.0455529 -0.00048722 0
-53.3539 0.0455392 -0.000487141 0 -53.3532 0.0455522 -0.000487216 0
-53.3539 0.0455391 -0.00048714 0 -53.3532 0.0455515 -0.000487212 0
-53.3539 0.045539 -0.00048714 0 -53.3532 0.0455508 -0.000487208 0
-53.3539 0.0455389 -0.000487139 0 -53.3533 0.0455502 -0.000487205 0
-53.354 0.0455388 -0.000487138 0 -53.3533 0.0455496 -0.000487201 0
-53.354 0.0455387 -0.000487138 0 -53.3533 0.045549 -0.000487198 0
-53.354 0.0455386 -0.000487137 0 -53.3534 0.0455484 -0.000487194 0
-53.354 0.0455385 -0.000487137 0 -53.3534 0.0455479 -0.000487191 0
-53.354 0.0455384 -0.000487136 0 -53.3534 0.0455474 -0.000487188 0
-53.354 0.0455383 -0.000487136 0 -53.3535 0.0455469 -0.000487186 0
-53.354 0.0455382 -0.000487136 0 -53.3535 0.0455464 -0.000487183 0
-53.354 0.0455382 -0.000487135 0 -53.3535 0.045546 -0.00048718 0
-53.354 0.0455381 -0.000487135 0 -53.3535 0.0455456 -0.000487178 0
-53.354 0.045538 -0.000487134 0 -53.3536 0.0455452 -0.000487176 0
-53.354 0.045538 -0.000487134 0 -53.3536 0.0455448 -0.000487173 0
-53.354 0.0455379 -0.000487134 0 -53.3536 0.0455444 -0.000487171 0
-53.354 0.0455379 -0.000487133 0 -53.3536 0.0455441 -0.000487169 0
-53.354 0.0455378 -0.000487133 0 -53.3537 0.0455437 -0.000487167 0
-53.354 0.0455378 -0.000487133 0 -53.3537 0.0455434 -0.000487165 0
-53.354 0.0455377 -0.000487132 0 -53.3537 0.0455431 -0.000487164 0
-53.354 0.0455377 -0.000487132 0 -53.3537 0.0455428 -0.000487162 0
-53.354 0.0455376 -0.000487132 0 -53.3537 0.0455425 -0.00048716 0
-53.354 0.0455376 -0.000487132 0 -53.3537 0.0455423 -0.000487159 0
-53.354 0.0455375 -0.000487131 0 -53.3538 0.045542 -0.000487157 0
-53.354 0.0455375 -0.000487131 0 -53.3538 0.0455418 -0.000487156 0
-53.354 0.0455374 -0.000487131 0 -53.3538 0.0455415 -0.000487155 0
-53.354 0.0455374 -0.000487131 0 -53.3538 0.0455413 -0.000487153 0
-53.354 0.0455374 -0.000487131 0 -53.3538 0.0455411 -0.000487152 0
-53.354 0.0455373 -0.00048713 0 -53.3538 0.0455409 -0.000487151 0
-53.354 0.0455373 -0.00048713 0 -53.3538 0.0455407 -0.00048715 0
-53.354 0.0455373 -0.00048713 0 -53.3538 0.0455405 -0.000487149 0
-53.354 0.0455373 -0.00048713 0 -53.3539 0.0455404 -0.000487148 0
-53.354 0.0455372 -0.00048713 0 -53.3539 0.0455402 -0.000487147 0
-53.354 0.0455372 -0.00048713 0 -53.3539 0.04554 -0.000487146 0
-53.354 0.0455372 -0.000487129 0 -53.3539 0.0455399 -0.000487145 0
-53.354 0.0455372 -0.000487129 0 -53.3539 0.0455397 -0.000487144 0
-53.354 0.0455371 -0.000487129 0 -53.3539 0.0455396 -0.000487143 0
-53.3541 0.0455371 -0.000487129 0 -53.3539 0.0455395 -0.000487143 0
-53.3541 0.0455371 -0.000487129 0 -53.3539 0.0455393 -0.000487142 0
-53.3541 0.0455371 -0.000487129 0 -53.3539 0.0455392 -0.000487141 0
-53.3541 0.0455371 -0.000487129 0 -53.3539 0.0455391 -0.00048714 0
-53.3541 0.045537 -0.000487129 0 -53.3539 0.045539 -0.00048714 0
-53.3541 0.045537 -0.000487128 0 -53.3539 0.0455389 -0.000487139 0
-53.3541 0.045537 -0.000487128 0 -53.354 0.0455388 -0.000487139 0
-53.3541 0.045537 -0.000487128 0 -53.354 0.0455387 -0.000487138 0
-53.3541 0.045537 -0.000487128 0 -53.354 0.0455386 -0.000487138 0
-53.3541 0.045537 -0.000487128 0 -53.354 0.0455385 -0.000487137 0
-53.3541 0.0455369 -0.000487128 0 -53.354 0.0455384 -0.000487137 0
-53.3541 0.0455369 -0.000487128 0 -53.354 0.0455383 -0.000487136 0
-53.3541 0.0455369 -0.000487128 0 -53.354 0.0455383 -0.000487136 0
-53.3541 0.0455369 -0.000487128 0 -53.354 0.0455382 -0.000487135 0
-53.3541 0.0455369 -0.000487128 0 -53.354 0.0455381 -0.000487135 0
-53.3541 0.0455369 -0.000487128 0 -53.354 0.0455381 -0.000487134 0
-53.3541 0.0455369 -0.000487128 0 -53.354 0.045538 -0.000487134 0
-53.3541 0.0455369 -0.000487128 0 -53.354 0.0455379 -0.000487134 0
-53.3541 0.0455369 -0.000487128 0 -53.354 0.0455379 -0.000487133 0
-53.3541 0.0455368 -0.000487128 0 -53.354 0.0455378 -0.000487133 0
-53.3541 0.0455368 -0.000487127 0 -53.354 0.0455378 -0.000487133 0
-53.3541 0.0455368 -0.000487127 0 -53.354 0.0455377 -0.000487133 0
-53.3541 0.0455368 -0.000487127 0 -53.354 0.0455377 -0.000487132 0
-53.3541 0.0455368 -0.000487127 0 -53.354 0.0455376 -0.000487132 0
-53.3541 0.0455368 -0.000487127 0 -53.354 0.0455376 -0.000487132 0
-53.3541 0.0455368 -0.000487127 0 -53.354 0.0455375 -0.000487131 0
-53.3541 0.0455368 -0.000487127 0 -53.354 0.0455375 -0.000487131 0
-53.3541 0.0455368 -0.000487127 0 -53.354 0.0455375 -0.000487131 0
-53.3541 0.0455368 -0.000487127 0 -53.354 0.0455374 -0.000487131 0
-53.3541 0.0455368 -0.000487127 0 -53.354 0.0455374 -0.000487131 0
-53.3541 0.0455368 -0.000487127 0 -53.354 0.0455374 -0.00048713 0
-53.3541 0.0455368 -0.000487127 0 -53.354 0.0455373 -0.00048713 0
-53.3541 0.0455368 -0.000487127 0 -53.354 0.0455373 -0.00048713 0
-53.3541 0.0455368 -0.000487127 0 -53.354 0.0455373 -0.00048713 0
-53.3541 0.0455368 -0.000487127 0 -53.354 0.0455372 -0.00048713 0
-53.3541 0.0455367 -0.000487127 0 -53.354 0.0455372 -0.00048713 0
-53.3541 0.0455367 -0.000487127 0 -53.354 0.0455372 -0.000487129 0
-53.3541 0.0455367 -0.000487127 0 -53.354 0.0455372 -0.000487129 0
-53.3541 0.0455367 -0.000487127 0 -53.354 0.0455371 -0.000487129 0
-53.3541 0.0455367 -0.000487127 0 -53.354 0.0455371 -0.000487129 0
-53.3541 0.0455367 -0.000487127 0 -53.3541 0.0455371 -0.000487129 0
-53.3541 0.0455367 -0.000487127 0 -53.3541 0.0455371 -0.000487129 0
-53.3541 0.0455367 -0.000487127 0 -53.3541 0.0455371 -0.000487129 0
-53.3541 0.0455367 -0.000487127 0 -53.3541 0.045537 -0.000487129 0
-53.3541 0.0455367 -0.000487127 0 -53.3541 0.045537 -0.000487129 0
-53.3541 0.0455367 -0.000487127 0 -53.3541 0.045537 -0.000487128 0
-53.3541 0.0455367 -0.000487127 0 -53.3541 0.045537 -0.000487128 0
-53.3541 0.0455367 -0.000487127 0 -53.3541 0.045537 -0.000487128 0
-53.3541 0.0455367 -0.000487127 0 -53.3541 0.045537 -0.000487128 0
-53.3541 0.0455367 -0.000487127 0 -53.3541 0.045537 -0.000487128 0
-53.3541 0.0455367 -0.000487127 0 -53.3541 0.0455369 -0.000487128 0
-53.3541 0.0455367 -0.000487127 0 -53.3541 0.0455369 -0.000487128 0
-53.3541 0.0455367 -0.000487127 0 -53.3541 0.0455369 -0.000487128 0
-53.3541 0.0455367 -0.000487127 0 -53.3541 0.0455369 -0.000487128 0
-53.3541 0.0455367 -0.000487127 0 -53.3541 0.0455369 -0.000487128 0
-53.3541 0.0455367 -0.000487127 0 -53.3541 0.0455369 -0.000487128 0
-53.3541 0.0455367 -0.000487127 0 -53.3541 0.0455369 -0.000487128 0
-53.3541 0.0455367 -0.000487127 0 -53.3541 0.0455369 -0.000487128 0
-53.3541 0.0455367 -0.000487127 0 -53.3541 0.0455369 -0.000487128 0
-53.3541 0.0455367 -0.000487127 0 -53.3541 0.0455368 -0.000487128 0
-53.3541 0.0455367 -0.000487127 0 -53.3541 0.0455368 -0.000487127 0
-53.3541 0.0455367 -0.000487127 0 -53.3541 0.0455368 -0.000487127 0
-53.3541 0.0455367 -0.000487127 0 -53.3541 0.0455368 -0.000487127 0
-53.3541 0.0455367 -0.000487127 0 -53.3541 0.0455368 -0.000487127 0
-53.3541 0.0455367 -0.000487127 0 -53.3541 0.0455368 -0.000487127 0
-53.3541 0.0455367 -0.000487127 0 -53.3541 0.0455368 -0.000487127 0
-53.3541 0.0455367 -0.000487127 0 -53.3541 0.0455368 -0.000487127 0
-53.3541 0.0455367 -0.000487127 0 -53.3541 0.0455368 -0.000487127 0
-53.3541 0.0455367 -0.000487127 0 -53.3541 0.0455368 -0.000487127 0
